train/valid: 5000/652
features: 163
care hour: 9
care item: 18
learn_rate: 0.30549470209934027
init_weight: 0.22298857943116435
landa: 0.01
laps: 10000	RMSE: 22.4902518489
laps: 10000	RMSE: 22.8086881882
laps: 10000	RMSE: 22.3309113903
laps: 10000	RMSE: 22.5842511572
