train/valid: 5048/652
features: 91
care hour: 5
care item: 18
learn_rate: 0.3386494443563242
init_weight: 0.2263795677764922
landa: 0.0001
laps: 2000	RMSE: 5.79495756718
laps: 2000	RMSE: 5.80973169385
laps: 2000	RMSE: 5.92294772359
laps: 2000	RMSE: 5.86003332894
