train/valid: 5000/652
features: 91
care hour: 9
care item: 10
learn_rate: 0.4278259604039024
init_weight: 0.3337193197276512
landa: 0.0001
laps: 5000	RMSE: 5.88003353665
laps: 5000	RMSE: 5.87827028808
laps: 5000	RMSE: 5.88155273393
laps: 5000	RMSE: 5.90948217914
