train/valid: 5000/652
features: 91
care hour: 9
care item: 10
learn_rate: 0.47974681518446316
init_weight: 0.24203446023620828
landa: 0.0001
laps: 10000	RMSE: 5.88747644089
laps: 10000	RMSE: 5.86418566209
laps: 10000	RMSE: 5.89793852812
laps: 10000	RMSE: 5.86732778701
