train/valid: 5048/652
features: 6
care hour: 5
care item: 1
learn_rate: 0.01967699088865804
init_weight: 0.17272663337093586
landa: 0.0001
laps: 2000	RMSE: 5.97078235817
laps: 2000	RMSE: 5.97145385487
laps: 2000	RMSE: 5.97319632128
laps: 2000	RMSE: 5.97881091119
