train/valid: 5000/652
features: 163
care hour: 9
care item: 18
learn_rate: 0.4932806250510212
init_weight: 0.09717851627599072
landa: 0.0001
laps: 500	RMSE: 22.4735222272
laps: 500	RMSE: 22.902654573
laps: 500	RMSE: 22.200336426
laps: 500	RMSE: 22.2532305135
